1200 	 17 	 17 	 0 	 288 
0.000000
0.000000
0.000000
0.000000
0.000000
0.172784
0.035215
0.015253
-0.008454
-0.007935
0.004248
0.113725
0.000000
0.000000
0.000000
0.000000
0.000000
0.000000
0.000000
0.000000
0.137077
0.024226
-0.008083
-0.007457
-0.010189
0.014555
0.013766
-0.017487
-0.020164
-0.020663
0.026012
0.000000
0.000000
0.000000
0.000000
0.000000
0.032683
0.036796
-0.013291
-0.000314
-0.007371
-0.002318
-0.003309
0.022289
0.041680
-0.025439
-0.021430
-0.009794
0.063293
0.000000
0.000000
0.000000
0.169278
0.034259
0.048606
0.019823
0.001187
0.009281
0.036438
0.025201
-0.004492
-0.023039
0.007325
0.014806
0.001783
-0.016725
-0.382172
0.000000
0.000000
0.000537
-0.030890
0.007712
0.027736
-0.015037
-0.005961
0.001979
0.010645
0.025203
-0.007496
0.011273
0.021738
-0.001349
0.032321
-0.023186
0.000000
-0.009309
-0.015852
-0.017316
-0.004671
0.028050
0.039248
-0.025364
0.014683
-0.000226
0.012692
0.015591
0.021091
0.013238
-0.012262
-0.017912
0.004420
0.172563
0.015042
-0.026577
0.021529
0.046793
0.007106
0.006264
0.001370
0.028922
0.015323
-0.003317
0.018832
0.020988
0.023626
0.012282
0.017770
0.002836
0.010365
-0.027917
0.014622
-0.017009
0.019433
0.013610
0.009650
-0.002180
0.033780
0.026767
0.003468
-0.003188
0.024842
-0.021757
0.028371
-0.027549
0.020825
0.010360
-0.014834
-0.007497
-0.016197
0.003602
0.008520
0.014565
0.005319
0.005352
-0.008854
0.022177
0.038715
0.005148
-0.007273
0.020372
0.051413
0.035919
0.036864
0.005360
0.027383
0.025860
0.012055
0.014704
0.037429
0.012874
0.007334
0.021981
-0.010842
0.006429
0.036260
-0.004128
-0.008615
-0.015913
-0.005441
0.016023
-0.005285
0.018476
0.005623
-0.006024
0.025203
0.006272
0.003464
0.003669
0.007699
0.034857
0.026677
0.030353
0.029058
0.014365
0.013136
0.037493
-0.015499
-0.095028
-0.005735
-0.006888
0.025675
-0.022624
0.009948
-0.015339
0.042057
0.022192
0.000170
0.007355
-0.002978
-0.019659
0.019313
-0.018776
0.005201
-0.071556
0.000000
0.029789
0.028673
0.003280
-0.003381
0.002020
0.047276
-0.015844
-0.025520
0.029226
-0.007344
0.004000
0.016219
0.008313
0.023347
-0.013504
0.000000
0.000000
-0.239041
-0.018449
-0.025591
0.018504
0.032207
0.004347
-0.016612
-0.010223
0.004049
0.048117
-0.022908
0.001565
0.013568
-0.050807
-0.020865
0.000000
0.000000
0.000000
0.132913
-0.049586
-0.018031
-0.018931
-0.032310
0.015471
0.026609
-0.016290
0.016553
-0.033351
-0.002973
0.017893
0.163117
0.000000
0.000000
0.000000
0.000000
0.000000
-0.057002
-0.002404
0.030928
-0.034108
0.000392
0.004265
-0.016927
0.013978
0.009160
-0.008123
0.259922
0.000000
0.000000
0.000000
0.000000
0.000000
0.000000
0.000000
0.000000
0.055228
0.018842
0.033008
0.013086
-0.059587
0.003744
0.041109
0.000000
0.000000
0.000000
0.000000
0.000000
